69,111,64,17,89,52,118,1,77,0,48,2,48,73,60,75,32,6,55,16,114,78,12,3,56
2,49,124,9,63,105,43,98,42,104,58,5,29,122,52,51,54,38,39,46,11,7,40,92,76
71,78,114,16,55,60,32,126,26,101,88,125,22,35,123,95,40,7,11,0,48,73,6,112,62
14,100,12,107,3,78,114,2,11,7,0,77,67,118,52,38,39,46,11,2,114,78,96,3,115
18,86,24,102,106,115,3,12,78,114,2,48,73,45,60,55,16,114,23,53,61,115,3,15,107
13,50,40,7,11,67,27,29,36,80,66,9,36,24,117,10,69,43,113,89,31,33,54,47
72,14,66,80,63,105,42,113,89,52,118,1,77,0,48,73,60,32,126,26,11,1,81,80,36
74,72,14,108,115,61,53,66,80,29,122,52,51,54,30,8,41,33,39,46,1,81,9,70,124
112,55,99,48,2,11,26,126,73,60,32,20,50,40,93,88,39,31,89,17,64,4,10,117,24
35,125,88,101,0,79,2,23,114,16,55,60,75,20,50,116,93,88,25,41,8,35,123,95,65
71,78,114,2,11,26,0,79,37,23,124,9,63,80,66,14,53,23,37,79,11,7,101,116,95
103,4,64,28,43,105,63,80,66,74,114,74,37,79,0,101,88,25,41,57,30,38,52
96,100,71,78,114,2,79,0,101,88,91,35,22,30,31,39,88,93,7,11,2,23,53,61,108
19,50,40,82,44,65,116,93,88,39,31,89,113,90,43,105,63,80,66,49,2,48,73,60,75
40,44,120,0,97,2,49,72,9,63,80,66,14,100,96,78,114,2,79,0,101,88,91,125,21
111,103,43,105,63,80,66,49,2,48,126,92,83,50,40,93,88,39,31,89,42,90,103
47,51,52,122,29,80,66,14,108,115,3,107,12,78,114,74,66,80,63,58,104,18,109,86
82,116,93,88,39,31,51,52,118,1,11,2,74,37,79,11,77,1,27,122,52,38,25,91,123
4,69,43,113,89,31,33,30,22,119,8,41,25,39,46,1,81,80,66,74,114,78,12,56,3
85,92,126,26,11,1,118,52,89,42,28,43,105,63,80,66,14,100,12,56,3,115,106,108,87
40,92,126,48,2,23,53,61,87,24,36,29,122,52,38,30,22,21,41,33,31,89,17,64,111
94,122,52,89,42,90,98,43,104,58,5,24,87,110,68,12,78,100,14,108,102,24,117,86,18
19,76,92,50,116,93,88,25,38,47,54,30,8,41,33,39,46,11,2,114,78,3,56,34,68
105,58,5,24,102,61,115,108,14,53,23,37,79,0,120,116,93,88,39,31,89,59,43,109,10
42,105,63,5,24,87,84,68,12,78,114,16,55,99,48,2,49,124,9,36,24,86,10,69,109
35,125,88,101,0,79,2,49,72,9,36,24,86,109,43,113,89,31,39,88,82,40,92,20,76
15,3,78,114,2,48,126,92,83,13,50,40,26,0,79,37,23,53,61,102,87,110,68
50,76,85,20,32,60,55,16,114,78,3,15,12,78,114,74,37,79,0,120,44,82,91,123,35
63,105,42,17,89,31,39,88,125,91,82,93,120,0,79,37,23,124,70,9,29,122,52,31,47
7,120,101,88,39,31,89,42,28,43,105,63,58,104,18,69,43,113,89,31,39,88,82,95
74,72,9,29,81,1,11,0,48,99,55,16,114,78,114,2,11,46,39,30,8,57
21,57,41,33,30,38,52,122,29,80,66,14,106,61,53,23,2,48,73,60,32,19,85,75
56,34,68,84,87,24,36,29,94,81,67,11,0,101,26,48,2,49,72,70,9,63,105,43,69
4,111,69,43,105,63,9,124,49,2,48,73,45,32,126,26,11,97,37,74,114,16,55,6,73
19,50,92,126,48,2,49,124,9,63,105,43,64,17,42,104,59,89,31,39,46,1,81,9,70
62,16,114,23,53,61,102,24,117,10,18,104,58,5,80,66,14,100,71,78,114,16,55,45,60
75,32,126,26,120,7,11,46,39,88,121,25,38,31,89,59,104,18,86,24,36,58,104,59,90
21,92,76,83,50,40,82,88,39,31,89,59,43,105,63,80,66,49,2,48,99,55
6,73,48,2,49,72,9,63,58,104,59,89,31,38,25,91,35,123,95,50,92,126,32,112,62
45,6,73,48,79,11,1,118,27,29,80,66,14,100,12,3,115,106,102,24,36,80,81,67,1
92,13,19,32,60,73,48,2,114,78,3,107,56,84,87,24,36,63,105,43,4,109,86,117
85,20,92,126,48,2,23,53,61,102,24,36,80,81,67,46,11,79,2,114,78,100,14,66,49
81,27,52,51,47,54,30,88,101,7,11,2,49,72,70,66,74,114,16,55,60,32,19,20,75
33,25,88,93,40,7,11,2,23,53,61,87,110,68,12,78,114,74,37,79,11,46,39,25,41
34,68,84,87,24,86,109,103,43,105,63,9,124,9,29,122,52,89,59,104,18,86,109,43,17
50,40,7,11,1,118,27,29,80,63,105,42,17,89,31,39,88,125,21,22,30,39,46,1,81
100,78,114,2,79,0,101,88,91,123,95,40,7,11,2,114,78,3,56,34,68,12,100,96,71
27,67,11,26,126,92,19,50,40,93,88,121,91,82,44,120,0,77,11,2,114,78,3,56,34
27,81,80,66,74,114,16,55,99,48,26,101,88,91,25,39,31,89,42,43,109,86
56,68,84,87,24,36,29,122,52,51,54,31,89,59,104,58,63,80,66,14,100,3,15,107,12
75,60,112,16,114,74,66,80,63,105,43,69,103,90,113,89,31,89,59,43,4,111,28,42,104
72,49,2,11,46,39,30,22,119,21,125,91,82,44,95,13,50,65,7,11,97,37,74,49,23
86,10,117,24,5,80,66,49,2,48,73,60,32,6,55,16,114,2,48,126,92,83,13,95,116
72,9,5,80,66,49,2,114,78,3,56,12,100,14,66,80,29,122,52,31,39,88,93,65,50
6,73,48,97,2,23,53,61,87,84,68,12,100,14,100,12,15,56,84,110,68,34
96,100,14,66,80,63,105,42,17,89,52,118,1,77,0,48,73,6,112,16,114,78,100,14,106
36,5,58,104,59,89,31,39,88,125,91,82,93,7,11,1,27,122,52,89,42,90,103,18,117
126,48,97,2,23,53,61,87,110,68,12,78,114,2,79,0,101,88,125,22,119,8,30,38,52
111,64,43,113,59,104,105,63,80,66,53,61,102,24,36,58,105,43,98,103,18,69
7,26,11,2,114,78,12,100,14,53,23,124,23,37,2,48,126,92,76,50,40,82,88,30,57